2.230000000000000000e+02 2.770000000000000000e+02 3.320000000000000000e+02 2.020000000000000000e+02 2.010000000000000000e+02 3.180000000000000000e+02 2.730000000000000000e+02 2.600000000000000000e+02 2.880000000000000000e+02 2.410000000000000000e+02
2.350000000000000000e+02 2.640000000000000000e+02 3.110000000000000000e+02 1.850000000000000000e+02 1.750000000000000000e+02 2.990000000000000000e+02 2.670000000000000000e+02 2.430000000000000000e+02 2.750000000000000000e+02 1.980000000000000000e+02
1.670000000000000000e+02 2.180000000000000000e+02 1.550000000000000000e+02 1.530000000000000000e+02 1.630000000000000000e+02 1.900000000000000000e+02 1.750000000000000000e+02 1.110000000000000000e+02 1.520000000000000000e+02 8.400000000000000000e+01
1.990000000000000000e+02 2.180000000000000000e+02 2.420000000000000000e+02 1.710000000000000000e+02 1.600000000000000000e+02 2.510000000000000000e+02 1.910000000000000000e+02 2.270000000000000000e+02 2.060000000000000000e+02 2.050000000000000000e+02
1.620000000000000000e+02 1.700000000000000000e+02 1.820000000000000000e+02 1.250000000000000000e+02 9.800000000000000000e+01 2.100000000000000000e+02 1.660000000000000000e+02 1.950000000000000000e+02 1.600000000000000000e+02 1.640000000000000000e+02
1.480000000000000000e+02 1.680000000000000000e+02 7.700000000000000000e+01 1.460000000000000000e+02 8.300000000000000000e+01 1.300000000000000000e+02 1.640000000000000000e+02 1.010000000000000000e+02 1.670000000000000000e+02 1.260000000000000000e+02
2.520000000000000000e+02 3.030000000000000000e+02 3.310000000000000000e+02 2.240000000000000000e+02 2.010000000000000000e+02 3.360000000000000000e+02 3.050000000000000000e+02 2.850000000000000000e+02 3.150000000000000000e+02 2.720000000000000000e+02
1.910000000000000000e+02 2.590000000000000000e+02 2.250000000000000000e+02 2.250000000000000000e+02 2.070000000000000000e+02 3.080000000000000000e+02 1.990000000000000000e+02 1.970000000000000000e+02 2.100000000000000000e+02 2.150000000000000000e+02
2.280000000000000000e+02 2.710000000000000000e+02 2.390000000000000000e+02 2.100000000000000000e+02 1.600000000000000000e+02 2.860000000000000000e+02 2.350000000000000000e+02 1.630000000000000000e+02 2.720000000000000000e+02 1.990000000000000000e+02
1.200000000000000000e+02 1.720000000000000000e+02 1.720000000000000000e+02 1.300000000000000000e+02 1.280000000000000000e+02 1.720000000000000000e+02 1.710000000000000000e+02 1.460000000000000000e+02 1.730000000000000000e+02 1.500000000000000000e+02
